    0:     1     1     4
    1:    30    30   130
    2:    66   382   384
    3:    89   130   323
    4:   128   323   382
    5:   207   397   530
    6:   331   384   397
    7:   378  1171  1195
    8:   455   530   639
    9:   563   639   660
   10:   590  1096  1171
   11:   641   772   827
   12:   647   660   721
   13:   710   721   772
   14:   806   853  1021
   15:   827   827   853
   16:   869  1579  1641
   17:   872  1281  1282
   18:   902  1021  1086
   19:   952  1746  1747
   20:   958  1086  1096
   21:   981  1224  1271
   22:   984  1696  1740
   23:   999  1651  1696
   24:  1042  1195  1224
   25:  1072  1740  1746
   26:  1098  1271  1281
   27:  1190  1282  1517
   28:  1259  1532  1543
   29:  1278  1543  1571
   30:  1281  1571  1577
   31:  1314  1577  1579
   32:  1336  1517  1532
   33:  1389  1641  1651
   34:  1503  2092  2110
   35:  1563  2195  2217
   36:  1614  2110  2195
   37:  1674  1747  1748
   38:  1693  1748  1968
   39:  1729  1968  2005
   40:  1844  2005  2018
   41:  1928  2982  2992
   42:  1944  2018  2078
   43:  2004  2890  2906
   44:  2050  2078  2092
   45:  2142  2217  2296
   46:  2207  2359  2436
   47:  2244  2296  2320
   48:  2248  2320  2330
   49:  2256  2330  2359
   50:  2367  2436  2586
   51:  2477  2906  2982
   52:  2490  2768  2803
   53:  2586  2586  2768
   54:  2590  3231  3360
   55:  2712  3013  3020
   56:  2783  2803  2890
   57:  2907  2992  3013
   58:  2908  3020  3216
   59:  2983  3216  3221
   60:  3085  3221  3222
   61:  3163  3222  3231
   62:  3165  3377  3392
   63:  3248  3578  3622
   64:  3287  4030  4043
   65:  3316  3392  3467
   66:  3321  3360  3371
   67:  3344  3371  3377
   68:  3449  3467  3578
   69:  3533  4043  4058
   70:  3575  3622  3945
   71:  3709  4525  4559
   72:  3746  3945  4029
   73:  3763  4279  4432
   74:  3804  4612  4687
   75:  3812  4492  4494
   76:  3866  4029  4030
   77:  4013  4198  4205
   78:  4024  4058  4146
   79:  4106  4146  4198
   80:  4176  4559  4596
   81:  4182  4205  4279
   82:  4222  4432  4468
   83:  4229  4468  4492
   84:  4287  5157  5158
   85:  4313  4596  4600
   86:  4374  4494  4525
   87:  4410  4600  4612
   88:  4426  5051  5052
   89:  4490  5055  5079
   90:  4566  5079  5106
   91:  4577  4764  4879
   92:  4649  4687  4764
   93:  4654  5130  5157
   94:  4792  5106  5130
   95:  4845  4879  5036
   96:  4850  5036  5051
   97:  4892  5299  5327
   98:  4904  5158  5299
   99:  4999  5327  5332
  100:  5027  5567  5611
  101:  5045  5052  5055
  102:  5086  5332  5404
  103:  5233  5409  5499
  104:  5242  5967  6016
  105:  5244  6079  6129
  106:  5375  5404  5409
  107:  5446  5499  5567
  108:  5487  5966  5967
  109:  5493  5674  5831
  110:  5513  6016  6040
  111:  5551  5611  5615
  112:  5575  5668  5674
  113:  5590  5615  5629
  114:  5597  5629  5668
  115:  5649  5881  5882
  116:  5658  6040  6079
  117:  5674  5882  5966
  118:  5698  6501  6516
  119:  5823  5831  5881
  120:  5969  6129  6380
  121:  6104  6380  6415
  122:  6120  6516  6583
  123:  6254  7134  7136
  124:  6267  6415  6444
  125:  6281  6583  6619
  126:  6382  6444  6501
  127:  6410  7136  7167
  128:  6449  6619  6810
  129:  6455  6932  6971
  130:  6456  6971  6977
  131:  6528  7086  7134
  132:  6624  6810  6816
  133:  6641  8194  8195
  134:  6667  7053  7062
  135:  6673  6829  6848
  136:  6691  8202  8206
  137:  6772  6848  6932
  138:  6783  7006  7053
  139:  6815  6816  6829
  140:  6823  6977  7006
  141:  6854  8235  8237
  142:  6974  7062  7086
  143:  7122  7167  7444
  144:  7137  8195  8196
  145:  7139  8111  8113
  146:  7204  7621  7623
  147:  7214  7506  7508
  148:  7227  7444  7444
  149:  7284  7513  7515
  150:  7298  7607  7609
  151:  7418  7473  7474
  152:  7508  7589  7592
  153:  7509  8237  8238
  154:  7546  7454  7457
  155:  7575  7537  7538
  156:  7583  7648  7650
  157:  7637  8208  8210
  158:  7695  7539  7541
  159:  7734  7678  7679
  160:  7801  7499  7500
  161:  7810  8024  8026
  162:  7832  8077  8078
  163:  7976  7495  7496
  164:  8051  7547  7548
  165:  8057  7721  7723
  166:  8085  8218  8219
  167:  8121  8124  8125
  168:  8198  7474  7475
  169:  8213  8108  8111
  170:  8344  7548  7552
  171:  8446  8196  8198
  172:  8483  7480  7482
  173:  8492  8167  8168
  174:  8500  7557  7558
  175:  8502  7658  7660
  176:  8515  8143  8144
  177:  8533  7490  7495
  178:  8573  8105  8106
  179:  8577  8098  8100
  180:  8688  8146  8147
  181:  8705  8079  8086
  182:  8720  7597  7599
  183:  8762  8238  8239
  184:  8777  7618  7621
  185:  8794  8140  8143
  186:  8825  8168  8169
  187:  8844  7688  7689
  188:  8902  7444  7445
  189:  8905  7626  7628
  190:  8910  8186  8189
  191:  8967  8088  8089
  192:  8987  7699  7700
  193:  9078  7631  7638
  194:  9091  7687  7688
  195:  9096  8183  8186
  196:  9102  8057  8059
  197:  9132  8070  8071
  198:  9138  7710  7712
  199:  9162  8071  8071
  200:  9233  7532  7535
  201:  9275  8155  8156
  202:  9349  7638  7639
  203:  9354  8026  8029
  204:  9370  8166  8167
  205:  9383  8061  8063
  206:  9399  7663  7665
  207:  9456  7502  7505
  208:  9540  7468  7473
  209:  9566  8238  8238
  210:  9595  7460  7461
  211:  9602  7479  7480
  212:  9691  7497  7499
  213:  9783  7694  7696
  214:  9822  8145  8146
  215:  9839  8113  8118
  216:  9922  7628  7629
  217:  9952  7508  7509
  218: 10004  7476  7477
  219: 10146  7665  7665
  220: 10203  8143  8143
  221: 10217  7682  7685
  222: 10220  7666  7669
  223: 10254  7665  7666
  224: 10280  7646  7647
  225: 10382  7615  7618
  226: 10402  8239  8242
  227: 10420  8173  8176
  228: 10463  8178  8179
  229: 10466  8217  8218
  230: 10487  8076  8077
  231: 10506  8179  8183
  232: 10513  7581  7584
  233: 10574  7595  7597
  234: 10587  7560  7561
  235: 10637  7661  7663
  236: 10734  7642  7643
  237: 10810  7691  7694
  238: 10874  8120  8124
  239: 10955  8206  8206
  240: 10958  7566  7567
  241: 11052  8054  8055
  242: 11113  8176  8177
  243: 11151  8125  8128
  244: 11167  7508  7508
  245: 11185  7509  7513
  246: 11289  7573  7574
  247: 11307  8049  8052
  248: 11379  7474  7474
  249: 11381  8063  8065
  250: 11406  7679  7680
  251: 11417  8177  8177
  252: 11505  7669  7670
  253: 11530  7535  7537
  254: 11657  7732  8024
  255: 11676  7629  7629
  256: 11758  7718  7719
  257: 11876  8089  8091
  258: 11888  8147  8148
  259: 11984  7461  7464
  260: 12058  7601  7602
  261: 12060  7448  7450
  262: 12133  8072  8075
  263: 12220  7475  7476
  264: 12308  7660  7661
  265: 12401  8148  8150
  266: 12475  8231  8232
  267: 12496  7517  7518
  268: 12604  7565  7566
  269: 12616  7653  7656
  270: 12622  7474  7474
  271: 12678  7680  7682
  272: 12713  7515  7516
  273: 12725  7562  7563
  274: 12800  8213  8214
  275: 12809  7485  7487
  276: 12892  8144  8145
  277: 13027  7505  7505
  278: 13068  7625  7626
  279: 13071  8065  8066
  280: 13128  7682  7682
  281: 13169  8029  8034
  282: 13285  7650  7651
  283: 13432  7639  7642
  284: 13472  8145  8145
  285: 13532  7537  7537
  286: 13594  8078  8079
  287: 13634  8160  8163
  288: 13742  7586  7588
  289: 13830  7558  7560
  290: 13907  7719  7719
  291: 13918  7516  7517
  292: 13928  8163  8166
  293: 13936  7569  7573
  294: 14060  8146  8146
  295: 14061  7523  7525
  296: 14066  7509  7509
  297: 14095  7728  7730
  298: 14186  7689  7691
  299: 14197  7482  7482
  300: 14239  7669  7669
  301: 14329  8214  8214
  302: 14330  7593  7595
  303: 14407  7661  7661
  304: 14435  7500  7502
  305: 14525  7516  7516
  306: 14532  7730  7732
  307: 14601  8106  8108
  308: 14663  7563  7565
  309: 14696  7588  7589
  310: 14713  7500  7500
  311: 14732  8103  8104
  312: 14777  7573  7573
  313: 14794  8034  8039
  314: 14845  7451  7454
  315: 14957  8169  8169
  316: 14979  7599  7601
  317: 14991  8056  8057
  318: 15027  7720  7721
  319: 15041  7666  7666
  320: 15082  8214  8214
  321: 15115  7556  7557
  322: 15118  8150  8153
  323: 15233  7601  7601
  324: 15327  8052  8052
  325: 15361  8183  8183
  326: 15476  7602  7603
  327: 15503  7465  7467
  328: 15535  7557  7557
  329: 15637  8221  8222
  330: 15643  7623  7625
  331: 15654  7445  7447
  332: 15696  8039  8044
  333: 15780  8239  8239
  334: 15805  8223  8227
  335: 15907  7672  7678
  336: 15912  8075  8076
  337: 15956  8168  8168
  338: 15995  7461  7461
  339: 16101  8063  8063
  340: 16194  8059  8061
  341: 16229  7609  7612
  342: 16235  7660  7660
  343: 16251  7496  7497
  344: 16291  8179  8179
  345: 16339  7541  7542
  346: 16452  7612  7615
  347: 16456  7450  7450
  348: 16466  7670  7670
  349: 16500  7489  7490
  350: 16612  8066  8070
  351: 16642  8242  8242
  352: 16701  7712  7716
  353: 16710  8156  8157
  354: 16742  8222  8222
  355: 16782  8094  8098
  356: 16810  7725  7728
  357: 16812  7478  7479
  358: 16906  8091  8093
  359: 16908  8055  8056
  360: 16938  7542  7542
  361: 17087  8071  8072
  362: 17115  8210  8210
  363: 17194  7505  7506
  364: 17318  8118  8120
  365: 17323  7657  7658
  366: 17370  7477  7478
  367: 17466  8118  8118
  368: 17501  8239  8239
  369: 17530  7685  7686
  370: 17533  7696  7699
  371: 17545  7450  7451
  372: 17662  8120  8120
  373: 17791  7618  7618
  374: 17833  7732  7732
  375: 17841  7707  7709
  376: 17894  8172  8173
  377: 17913  8227  8231
  378: 17926  8206  8207
  379: 17974  8168  8168
  380: 17995  7561  7562
  381: 18101  8157  8157
  382: 18198  8173  8173
  383: 18253  7665  7665
  384: 18297  7502  7502
  385: 18412  7467  7468
  386: 18483  8052  8054
  387: 18512  7724  7725
  388: 18534  8148  8148
  389: 18574  8077  8077
  390: 18596  7464  7464
  391: 18723  7457  7460
  392: 18798  7719  7720
  393: 18857  7647  7648
  394: 18902  7639  7639
  395: 18911  8128  8129
  396: 18998  8222  8223
  397: 19026  7567  7569
  398: 19037  8227  8227
  399: 19081  7592  7593
  400: 19129  7460  7460
  401: 19142  8076  8076
  402: 19233  7538  7539
  403: 19254  8157  8160
  404: 19338  7643  7646
  405: 19375  8173  8173
  406: 19395  7445  7445
  407: 19445  8207  8208
  408: 19475  8100  8103
  409: 19584  7719  7719
  410: 19589  8214  8217
  411: 19601  7686  7687
  412: 19606  7521  7523
  413: 19655  8104  8105
  414: 19708  8170  8172
  415: 19859  8136  8137
  416: 19910  8129  8136
  417: 19952  7447  7448
  418: 20041  7651  7653
  419: 20092  7542  7547
  420: 20152  8190  8194
  421: 20229  7723  7724
  422: 20271  8046  8049
  423: 20274  7706  7707
  424: 20331  7709  7710
  425: 20447  7602  7602
  426: 20454  7552  7556
  427: 20460  7584  7586
  428: 20476  8054  8054
  429: 20499  8044  8046
  430: 20524  7500  7500
  431: 20672  7516  7516
  432: 20676  7445  7445
  433: 20705  7694  7694
  434: 20707  8219  8219
  435: 20757  8169  8170
  436: 20844  7518  7521
  437: 20905  8137  8140
  438: 20960  7542  7542
  439: 21055  7525  7525
  440: 21099  7525  7527
  441: 21149  7566  7566
  442: 21165  7574  7581
  443: 21192  7477  7477
  444: 21196  7592  7592
  445: 21300  7447  7447
  446: 21318  7671  7672
  447: 21319  8063  8063
  448: 21340  8024  8024
  449: 21358  8056  8056
  450: 21394  7670  7671
  451: 21433  8091  8091
  452: 21468  8148  8148
  453: 21506  8189  8190
  454: 21592  8063  8063
  455: 21656  8055  8055
  456: 21784  8086  8088
  457: 21786  8137  8137
  458: 21817  7584  7584
  459: 21821  8163  8163
  460: 21870  7487  7489
  461: 21901  7464  7465
  462: 21944  7621  7621
  463: 22026  7716  7718
  464: 22029  8160  8160
  465: 22062  7700  7702
  466: 22122  7601  7601
  467: 22151  7661  7661
  468: 22166  7482  7482
  469: 22226  7525  7525
  470: 22239  8219  8221
  471: 22282  7482  7485
  472: 22287  7603  7607
  473: 22328  7485  7485
  474: 22362  7527  7532
  475: 22422  8211  8212
  476: 22430  8190  8190
  477: 22472  7567  7567
  478: 22576  8071  8071
  479: 22632  7702  7705
  480: 22670  8194  8194
  481: 22774  8153  8155
  482: 22865  8093  8094
  483: 22867  8200  8202
  484: 22950  7584  7584
  485: 23010  8233  8235
  486: 23083  8129  8129
  487: 23125  7651  7651
  488: 23264  8212  8213
  489: 23289  7444  7444
  490: 23348  8227  8227
  491: 23386  7629  7631
  492: 23394  8223  8223
  493: 23430  8232  8233
  494: 23456  8177  8178
  495: 23590  7670  7670
  496: 23604  7656  7657
  497: 23607  8210  8211
  498: 23616  8198  8200
  499: 23625  7705  7706
SUM: 8242 8215 0.9967 -5170.37 -5186.80 1553
