    0:     1     1     4
    1:    30    30   130
    2:    66   382   384
    3:    89   130   323
    4:   128   323   382
    5:   207   397   530
    6:   331   384   397
    7:   378   530   643
    8:   455   844   865
    9:   563   667   844
   10:   590   643   667
   11:   641   985  1011
   12:   647   865   905
   13:   710   915   956
   14:   806  1072  1225
   15:   827   956   985
   16:   869   905   915
   17:   872  1485  1486
   18:   902  1251  1290
   19:   952  1014  1021
   20:   958  1290  1300
   21:   981  1428  1475
   22:   984  1011  1014
   23:   999  1021  1072
   24:  1042  1300  1428
   25:  1072  1855  1950
   26:  1098  1475  1485
   27:  1190  1225  1251
   28:  1259  1736  1747
   29:  1278  1747  1775
   30:  1281  1775  1781
   31:  1314  1781  1783
   32:  1336  1486  1736
   33:  1389  1783  1855
   34:  1503  2320  2326
   35:  1563  2411  2433
   36:  1614  2354  2411
   37:  1674  1950  1952
   38:  1693  1958  2184
   39:  1729  2184  2221
   40:  1844  2221  2234
   41:  1928  1952  1958
   42:  1944  2234  2294
   43:  2004  2719  2822
   44:  2050  2294  2308
   45:  2142  2330  2354
   46:  2207  2575  2652
   47:  2244  2326  2330
   48:  2248  2308  2320
   49:  2256  2502  2575
   50:  2367  2433  2502
   51:  2477  2822  2898
   52:  2490  2684  2719
   53:  2586  2652  2684
   54:  2590  3138  3276
   55:  2712  2898  2936
   56:  2783  2943  3066
   57:  2907  2936  2943
   58:  2908  3066  3132
   59:  2983  3132  3137
   60:  3085  3137  3138
   61:  3163  3543  3629
   62:  3165  3276  3308
   63:  3248  3308  3388
   64:  3287  3711  3809
   65:  3316  3489  3543
   66:  3321  3483  3489
   67:  3344  3388  3483
   68:  3449  4214  4216
   69:  3533  3809  3824
   70:  3575  3629  3711
   71:  3709  4112  4177
   72:  3746  3824  3853
   73:  3763  3853  4050
   74:  3804  4216  4305
   75:  3812  4050  4112
   76:  3866  4718  4758
   77:  4013  4524  4639
   78:  4024  4691  4698
   79:  4106  4639  4646
   80:  4176  4177  4214
   81:  4182  4698  4713
   82:  4222  4500  4524
   83:  4229  4305  4500
   84:  4287  4769  4770
   85:  4313  5073  5148
   86:  4374  5043  5073
   87:  4410  5158  5160
   88:  4426  4646  4670
   89:  4490  4670  4691
   90:  4566  4713  4718
   91:  4577  4770  5043
   92:  4649  5148  5158
   93:  4654  4758  4769
   94:  4792  5616  5648
   95:  4845  5543  5560
   96:  4850  5573  5575
   97:  4892  5502  5507
   98:  4904  5507  5535
   99:  4999  5430  5502
  100:  5027  5160  5223
  101:  5045  5560  5573
  102:  5086  5223  5430
  103:  5233  6003  6075
  104:  5242  5575  5592
  105:  5244  5648  5705
  106:  5375  5953  5985
  107:  5446  6092  6143
  108:  5487  5535  5543
  109:  5493  5985  6003
  110:  5513  5592  5616
  111:  5551  6166  6191
  112:  5575  6159  6160
  113:  5590  6191  6205
  114:  5597  6160  6166
  115:  5649  5868  5952
  116:  5658  5705  5755
  117:  5674  5755  5868
  118:  5698  6075  6092
  119:  5823  5952  5953
  120:  5969  6419  6454
  121:  6104  6205  6419
  122:  6120  6143  6159
  123:  6254  6454  6668
  124:  6267  6999  7008
  125:  6281  7164  7183
  126:  6382  7018  7065
  127:  6410  6668  6699
  128:  6449  6986  6992
  129:  6455  6889  6895
  130:  6456  6813  6889
  131:  6528  6699  6732
  132:  6624  6934  6986
  133:  6641  7065  7153
  134:  6667  6732  6804
  135:  6673  7008  7018
  136:  6691  7154  7164
  137:  6772  6895  6934
  138:  6783  6804  6813
  139:  6815  6992  6999
  140:  6823  7529  7530
  141:  6854  7183  7195
  142:  6974  7607  7610
  143:  7122  7319  7414
  144:  7137  7153  7154
  145:  7139  7195  7319
  146:  7204  7589  7591
  147:  7214  7474  7476
  148:  7227  7414  7414
  149:  7284  7481  7483
  150:  7298  7575  7577
  151:  7418  7441  7442
  152:  7508  7557  7560
  153:  7509  8203  8206
  154:  7546  7422  7425
  155:  7575  7505  7506
  156:  7583  7616  7618
  157:  7637  8176  8178
  158:  7695  7507  7509
  159:  7734  7646  7647
  160:  7801  7467  7468
  161:  7810  7992  7994
  162:  7832  8045  8046
  163:  7976  7463  7464
  164:  8051  7515  7516
  165:  8057  7689  7691
  166:  8085  8186  8187
  167:  8121  8092  8093
  168:  8198  7442  7443
  169:  8213  8076  8079
  170:  8344  7516  7520
  171:  8446  8162  8166
  172:  8483  7448  7450
  173:  8492  8135  8136
  174:  8500  7525  7526
  175:  8502  7626  7628
  176:  8515  8111  8112
  177:  8533  7458  7463
  178:  8573  8073  8074
  179:  8577  8066  8068
  180:  8688  8114  8115
  181:  8705  8047  8054
  182:  8720  7565  7567
  183:  8762  8206  8207
  184:  8777  7586  7589
  185:  8794  8108  8111
  186:  8825  8136  8137
  187:  8844  7656  7657
  188:  8902  7700  7987
  189:  8905  7594  7596
  190:  8910  8154  8157
  191:  8967  8056  8057
  192:  8987  7667  7668
  193:  9078  7599  7606
  194:  9091  7655  7656
  195:  9096  8151  8154
  196:  9102  8025  8027
  197:  9132  8038  8039
  198:  9138  7678  7680
  199:  9162  8039  8039
  200:  9233  7500  7503
  201:  9275  8123  8124
  202:  9349  7606  7607
  203:  9354  7994  7997
  204:  9370  8134  8135
  205:  9383  8029  8031
  206:  9399  7631  7633
  207:  9456  7470  7473
  208:  9540  7436  7441
  209:  9566  8206  8206
  210:  9595  7428  7429
  211:  9602  7447  7448
  212:  9691  7465  7467
  213:  9783  7662  7664
  214:  9822  8113  8114
  215:  9839  8079  8086
  216:  9922  7596  7597
  217:  9952  7476  7477
  218: 10004  7444  7445
  219: 10146  7633  7633
  220: 10203  8111  8111
  221: 10217  7650  7653
  222: 10220  7634  7637
  223: 10254  7633  7634
  224: 10280  7614  7615
  225: 10382  7583  7586
  226: 10402  8207  8210
  227: 10420  8141  8144
  228: 10463  8146  8147
  229: 10466  8185  8186
  230: 10487  8044  8045
  231: 10506  8147  8151
  232: 10513  7549  7552
  233: 10574  7563  7565
  234: 10587  7528  7529
  235: 10637  7629  7631
  236: 10734  7610  7611
  237: 10810  7659  7662
  238: 10874  8088  8092
  239: 10955  8170  8174
  240: 10958  7534  7535
  241: 11052  8022  8023
  242: 11113  8144  8145
  243: 11151  8093  8096
  244: 11167  7476  7476
  245: 11185  7477  7481
  246: 11289  7541  7542
  247: 11307  8017  8020
  248: 11379  7442  7442
  249: 11381  8031  8033
  250: 11406  7647  7648
  251: 11417  8145  8145
  252: 11505  7637  7638
  253: 11530  7503  7505
  254: 11657  7987  7992
  255: 11676  7597  7597
  256: 11758  7686  7687
  257: 11876  8057  8059
  258: 11888  8115  8116
  259: 11984  7429  7432
  260: 12058  7569  7570
  261: 12060  7416  7418
  262: 12133  8040  8043
  263: 12220  7443  7444
  264: 12308  7628  7629
  265: 12401  8116  8118
  266: 12475  8199  8200
  267: 12496  7485  7486
  268: 12604  7533  7534
  269: 12616  7621  7624
  270: 12622  7442  7442
  271: 12678  7648  7650
  272: 12713  7483  7484
  273: 12725  7530  7531
  274: 12800  8181  8182
  275: 12809  7453  7455
  276: 12892  8112  8113
  277: 13027  7473  7473
  278: 13068  7593  7594
  279: 13071  8033  8034
  280: 13128  7650  7650
  281: 13169  7997  8002
  282: 13285  7618  7619
  283: 13432  7610  7610
  284: 13472  8113  8113
  285: 13532  7505  7505
  286: 13594  8046  8047
  287: 13634  8128  8131
  288: 13742  7554  7556
  289: 13830  7526  7528
  290: 13907  7687  7687
  291: 13918  7484  7485
  292: 13928  8131  8134
  293: 13936  7537  7541
  294: 14060  8114  8114
  295: 14061  7491  7493
  296: 14066  7477  7477
  297: 14095  7696  7698
  298: 14186  7657  7659
  299: 14197  7450  7450
  300: 14239  7637  7637
  301: 14329  8182  8182
  302: 14330  7561  7563
  303: 14407  7629  7629
  304: 14435  7468  7470
  305: 14525  7484  7484
  306: 14532  7698  7700
  307: 14601  8074  8076
  308: 14663  7531  7533
  309: 14696  7556  7557
  310: 14713  7468  7468
  311: 14732  8071  8072
  312: 14777  7541  7541
  313: 14794  8002  8007
  314: 14845  7419  7422
  315: 14957  8137  8137
  316: 14979  7567  7569
  317: 14991  8024  8025
  318: 15027  7688  7689
  319: 15041  7634  7634
  320: 15082  8182  8182
  321: 15115  7524  7525
  322: 15118  8118  8121
  323: 15233  7569  7569
  324: 15327  8020  8020
  325: 15361  8151  8151
  326: 15476  7570  7571
  327: 15503  7433  7435
  328: 15535  7525  7525
  329: 15637  8189  8190
  330: 15643  7591  7593
  331: 15654  7414  7415
  332: 15696  8007  8012
  333: 15780  8207  8207
  334: 15805  8191  8195
  335: 15907  7640  7646
  336: 15912  8043  8044
  337: 15956  8136  8136
  338: 15995  7429  7429
  339: 16101  8031  8031
  340: 16194  8027  8029
  341: 16229  7577  7580
  342: 16235  7628  7628
  343: 16251  7464  7465
  344: 16291  8147  8147
  345: 16339  7509  7510
  346: 16452  7580  7583
  347: 16456  7418  7418
  348: 16466  7638  7638
  349: 16500  7457  7458
  350: 16612  8034  8038
  351: 16642  8210  8210
  352: 16701  7680  7684
  353: 16710  8124  8125
  354: 16742  8190  8190
  355: 16782  8062  8066
  356: 16810  7693  7696
  357: 16812  7446  7447
  358: 16906  8059  8061
  359: 16908  8023  8024
  360: 16938  7510  7510
  361: 17087  8039  8040
  362: 17115  8178  8178
  363: 17194  7473  7474
  364: 17318  8086  8088
  365: 17323  7625  7626
  366: 17370  7445  7446
  367: 17466  8086  8086
  368: 17501  8207  8207
  369: 17530  7653  7654
  370: 17533  7664  7667
  371: 17545  7418  7419
  372: 17662  8088  8088
  373: 17791  7586  7586
  374: 17833  7700  7700
  375: 17841  7675  7677
  376: 17894  8140  8141
  377: 17913  8195  8199
  378: 17926  8174  8175
  379: 17974  8136  8136
  380: 17995  7530  7530
  381: 18101  8125  8125
  382: 18198  8141  8141
  383: 18253  7633  7633
  384: 18297  7470  7470
  385: 18412  7435  7436
  386: 18483  8020  8022
  387: 18512  7692  7693
  388: 18534  8116  8116
  389: 18574  8045  8045
  390: 18596  7432  7432
  391: 18723  7425  7428
  392: 18798  7687  7688
  393: 18857  7615  7616
  394: 18902  7607  7607
  395: 18911  8096  8097
  396: 18998  8190  8191
  397: 19026  7535  7537
  398: 19037  8195  8195
  399: 19081  7560  7561
  400: 19129  7428  7428
  401: 19142  8044  8044
  402: 19233  7506  7507
  403: 19254  8125  8128
  404: 19338  7611  7614
  405: 19375  8141  8141
  406: 19395  7987  7987
  407: 19445  8175  8176
  408: 19475  8068  8071
  409: 19584  7687  7687
  410: 19589  8182  8185
  411: 19601  7654  7655
  412: 19606  7489  7491
  413: 19655  8072  8073
  414: 19708  8138  8140
  415: 19859  8104  8105
  416: 19910  8097  8104
  417: 19952  7415  7416
  418: 20041  7619  7621
  419: 20092  7510  7515
  420: 20152  8158  8162
  421: 20229  7691  7692
  422: 20271  8014  8017
  423: 20274  7674  7675
  424: 20331  7677  7678
  425: 20447  7570  7570
  426: 20454  7520  7524
  427: 20460  7552  7554
  428: 20476  8022  8022
  429: 20499  8012  8014
  430: 20524  7468  7468
  431: 20672  7484  7484
  432: 20676  7987  7987
  433: 20705  7662  7662
  434: 20707  8187  8187
  435: 20757  8137  8138
  436: 20844  7486  7489
  437: 20905  8105  8108
  438: 20960  7510  7510
  439: 21055  7493  7493
  440: 21099  7493  7495
  441: 21149  7534  7534
  442: 21165  7542  7549
  443: 21192  7445  7445
  444: 21196  7560  7560
  445: 21300  7415  7415
  446: 21318  7639  7640
  447: 21319  8031  8031
  448: 21340  7992  7992
  449: 21358  8024  8024
  450: 21394  7638  7639
  451: 21433  8059  8059
  452: 21468  8116  8116
  453: 21506  8157  8158
  454: 21592  8031  8031
  455: 21656  8023  8023
  456: 21784  8054  8056
  457: 21786  8105  8105
  458: 21817  7552  7552
  459: 21821  8131  8131
  460: 21870  7455  7457
  461: 21901  7432  7433
  462: 21944  7589  7589
  463: 22026  7684  7686
  464: 22029  8128  8128
  465: 22062  7668  7670
  466: 22122  7569  7569
  467: 22151  7629  7629
  468: 22166  7450  7450
  469: 22226  7493  7493
  470: 22239  8187  8189
  471: 22282  7450  7453
  472: 22287  7571  7575
  473: 22328  7453  7453
  474: 22362  7495  7500
  475: 22422  8179  8180
  476: 22430  8158  8158
  477: 22472  7535  7535
  478: 22576  8039  8039
  479: 22632  7670  7673
  480: 22670  8162  8162
  481: 22774  8121  8123
  482: 22865  8061  8062
  483: 22867  8168  8170
  484: 22950  7552  7552
  485: 23010  8201  8203
  486: 23083  8097  8097
  487: 23125  7619  7619
  488: 23264  8180  8181
  489: 23289  7414  7414
  490: 23348  8195  8195
  491: 23386  7597  7599
  492: 23394  8191  8191
  493: 23430  8200  8201
  494: 23456  8145  8146
  495: 23590  7638  7638
  496: 23604  7624  7625
  497: 23607  8178  8179
  498: 23616  8166  8168
  499: 23625  7673  7674
SUM: 8210 8183 0.9967 -5186.22 -5202.58 883
