    0:     1     1     2
    1:    14    14    73
    2:    30   221   222
    3:    40    73   186
    4:    57   215   221
    5:    94   244   308
    6:   158   186   215
    7:   179   359   374
    8:   215   222   244
    9:   268   374   492
   10:   280   308   359
   11:   303   575   590
   12:   305   492   528
   13:   334   533   557
   14:   380   699   716
   15:   389   566   575
   16:   408   528   533
   17:   409   868   869
   18:   422   753   754
   19:   445   595   596
   20:   447   754   760
   21:   457   861   862
   22:   458   590   592
   23:   464   557   566
   24:   483   830   835
   25:   496   592   595
   26:   507   862   868
   27:   551   728   731
   28:   583   716   716
   29:   591   696   699
   30:   592   596   696
   31:   606  1039  1047
   32:   615   717   722
   33:   639  1075  1089
   34:   696   805   808
   35:   723   869   871
   36:   746   848   857
   37:   773  1144  1146
   38:   781   723   725
   39:   797   742   746
   40:   855   754   754
   41:   895  1146  1150
   42:   902   788   789
   43:   929  1095  1100
   44:   950   796   797
   45:   994   814   824
   46:  1024   731   742
   47:  1041   808   810
   48:  1042   797   805
   49:  1045   775   788
   50:  1100   824   830
   51:  1154  1140  1144
   52:  1160  1028  1039
   53:  1206   722   723
   54:  1208   772   775
   55:  1270  1162  1166
   56:  1303  1089  1090
   57:  1367  1157  1162
   58:  1391  1090  1095
   59:  1414  1109  1130
   60:  1437  1100  1100
   61:  1459   857   861
   62:  1467  1105  1108
   63:  1470   723   723
   64:  1533   746   753
   65:  1546   835   848
   66:  1555   760   772
   67:  1564  1130  1133
   68:  1569  1108  1109
   69:  1641   871  1028
   70:  1674  1150  1157
   71:  1682   725   728
   72:  1738   789   796
   73:  1756   716   717
   74:  1759   754   754
   75:  1784  1133  1140
   76:  1867  1047  1071
   77:  1872  1100  1105
   78:  1910  1071  1075
   79:  1942   810   814
SUM: 1166 1153 0.9889 -129.51 -143.93 459
